STATIC
1
0 0.000000 0.000000
MOVING_LEFT
5
1 0.000000 0.000000
2 0.115556 0.000000
3 0.000000 0.000000
4 -0.150000 0.000000
5 -0.004445 0.000000
MOVING_RIGHT
5
7 0.000000 0.000000
8 -0.140000 0.000000
9 0.000000 0.000000
10 0.148889 0.000000
11 0.000000 0.000000
PUSHING_LEFT
5
12 0.000000 0.000000
13 0.000000 0.000000
14 0.000000 0.000000
15 0.000000 0.000000
16 0.000000 0.000000
SLIPPING
5
18 0.000000 0.000000
19 0.000000 0.000000
20 0.000000 0.000000
21 0.000000 0.000000
22 0.000000 0.000000
STOPPING_HARD_LEFT
5
24 0.000000 0.000000
25 -0.117778 0.000000
26 -0.106667 0.000000
27 -0.140000 0.000000
28 0.000000 0.000000
