STATIC
1
0 0.000000 0.000000
MOVING_LEFT
6
0 0.000000 0.000000
0 0.000000 0.000000
0 0.000000 0.000000
0 0.000000 0.000000
0 0.000000 0.000000
0 0.000000 0.000000
MOVING_RIGHT
6
0 0.000000 0.000000
0 0.000000 0.000000
0 0.000000 0.000000
0 0.000000 0.000000
0 0.000000 0.000000
0 0.000000 0.000000
PUSHING_LEFT
6
8 0.000000 0.000000
8 0.000000 0.000000
8 0.000000 0.000000
8 0.000000 0.000000
8 0.000000 0.000000
8 0.000000 0.000000
SLIPPING
6
10 0.000000 0.000000
10 0.000000 0.000000
10 0.000000 0.000000
10 0.000000 0.000000
10 0.000000 0.000000
10 0.000000 0.000000
STOPPING_HARD_LEFT
6
0 0.000000 0.000000
0 0.000000 0.000000
0 0.000000 0.000000
0 0.000000 0.000000
0 0.000000 0.000000
0 0.000000 0.000000
JUMPING_LEFT
12
9 0.000000 0.000000
9 0.000000 0.000000
9 0.000000 0.000000
9 0.000000 0.100000
9 0.000000 0.200000
9 0.000000 0.300000
9 0.000000 0.300000
9 0.000000 0.200000
9 0.000000 0.100000
9 0.000000 0.000000
9 0.000000 0.000000
9 0.000000 0.000000

