levels/041.txt 246.000000 -19.000000 -1 1 -1 0
levels/042.txt 567.000000 80.000000 0 2 -1 0
levels/043.txt 698.000000 177.000000 1 3 -1 0
levels/044.txt 720.000000 250.000000 2 4 -1 0
levels/045.txt 744.000000 334.000000 3 5 -1 0
levels/046.txt 633.000000 419.000000 4 6 -1 0
levels/047.txt 564.000000 496.000000 5 7 -1 0
levels/048.txt 150.000000 240.000000 6 8 -1 0
levels/049.txt 110.000000 260.000000 7 9 -1 0
levels/050.txt 180.000000 280.000000 8 10 -1 0
levels/035.txt 130.000000 300.000000 9 11 -1 0
levels/032.txt 150.000000 320.000000 10 12 -1 0
levels/033.txt 120.000000 340.000000 11 13 -1 0
levels/031.txt 110.000000 360.000000 12 14 -1 0
levels/034.txt 110.000000 380.000000 13 15 -1 0
levels/036.txt 180.000000 400.000000 14 16 -1 0
levels/037.txt 160.000000 420.000000 15 17 -1 0
levels/038.txt 120.000000 440.000000 16 18 -1 0
levels/039.txt 150.000000 460.000000 17 19 -1 0
levels/040.txt 140.000000 480.000000 18 20 -1 0
levels/002.txt 170.000000 500.000000 19 21 -1 0
levels/001.txt 140.000000 520.000000 20 22 -1 0
levels/003.txt 130.000000 540.000000 21 23 -1 0
levels/004.txt 110.000000 560.000000 22 24 -1 0
levels/005.txt 180.000000 580.000000 23 25 -1 0
levels/006.txt 150.000000 600.000000 24 26 -1 0
levels/007.txt 190.000000 620.000000 25 27 -1 0
levels/008.txt 110.000000 640.000000 26 28 -1 0
levels/009.txt 100.000000 660.000000 27 29 -1 0
levels/010.txt 130.000000 680.000000 28 30 -1 0
levels/011.txt 170.000000 700.000000 29 31 -1 0
levels/012.txt 130.000000 720.000000 30 32 -1 0
levels/013.txt 100.000000 740.000000 31 33 -1 0
levels/014.txt 190.000000 760.000000 32 34 -1 0
levels/015.txt 130.000000 780.000000 33 35 -1 0
levels/018.txt 140.000000 800.000000 34 36 -1 0
levels/016.txt 140.000000 820.000000 35 37 -1 0
levels/019.txt 110.000000 840.000000 36 38 -1 0
levels/017.txt 180.000000 860.000000 37 39 -1 0
levels/020.txt 190.000000 880.000000 38 40 -1 0
levels/021.txt 100.000000 900.000000 39 41 -1 0
levels/022.txt 150.000000 920.000000 40 42 -1 0
levels/023.txt 110.000000 940.000000 41 43 -1 0
levels/026.txt 120.000000 960.000000 42 44 -1 0
levels/024.txt 130.000000 980.000000 43 45 -1 0
levels/025.txt 140.000000 1000.000000 44 46 -1 0
levels/027.txt 150.000000 1020.000000 45 47 -1 0
levels/028.txt 160.000000 1040.000000 46 48 -1 0
levels/029.txt 170.000000 1060.000000 47 49 -1 0
levels/030.txt 180.000000 1080.000000 48 -1 -1 0
