levels/041.txt 2000.000000 2000.000000 -1 1 -1 0
levels/042.txt 2567.000000 2080.000000 0 2 -1 0
levels/043.txt 2698.000000 2177.000000 1 3 -1 0
levels/044.txt 2720.000000 2250.000000 2 4 -1 0
levels/045.txt 2744.000000 2334.000000 3 5 -1 0
levels/046.txt 2633.000000 2419.000000 4 6 -1 0
levels/047.txt 2564.000000 2496.000000 5 7 -1 0
levels/048.txt 2950.000000 2240.000000 6 8 -1 0
levels/049.txt 2910.000000 2260.000000 7 9 -1 0
levels/050.txt 2980.000000 2280.000000 8 10 -1 0
levels/035.txt 2930.000000 2300.000000 9 11 -1 0
levels/032.txt 2950.000000 2320.000000 10 12 -1 0
levels/033.txt 2920.000000 2340.000000 11 13 -1 0
levels/031.txt 2910.000000 2360.000000 12 14 -1 0
levels/034.txt 2910.000000 2380.000000 13 15 -1 0
levels/036.txt 2980.000000 2400.000000 14 16 -1 0
levels/037.txt 2960.000000 2420.000000 15 17 -1 0
levels/038.txt 2920.000000 2440.000000 16 18 -1 0
levels/039.txt 2950.000000 2460.000000 17 19 -1 0
levels/040.txt 2940.000000 2480.000000 18 20 -1 0
levels/002.txt 2970.000000 2500.000000 19 21 -1 0
levels/001.txt 2940.000000 2520.000000 20 22 -1 0
levels/003.txt 2930.000000 2540.000000 21 23 -1 0
levels/004.txt 2910.000000 2560.000000 22 24 -1 0
levels/005.txt 2980.000000 2580.000000 23 25 -1 0
levels/006.txt 2950.000000 2600.000000 24 26 -1 0
levels/007.txt 2990.000000 2620.000000 25 27 -1 0
levels/008.txt 2910.000000 2640.000000 26 28 -1 0
levels/009.txt 2900.000000 2660.000000 27 29 -1 0
levels/010.txt 2930.000000 2680.000000 28 30 -1 0
levels/011.txt 2970.000000 2700.000000 29 31 -1 0
levels/012.txt 2930.000000 2720.000000 30 32 -1 0
levels/013.txt 2900.000000 2740.000000 31 33 -1 0
levels/014.txt 2990.000000 2760.000000 32 34 -1 0
levels/015.txt 2930.000000 2780.000000 33 35 -1 0
levels/018.txt 2940.000000 2800.000000 34 36 -1 0
levels/016.txt 2940.000000 2820.000000 35 37 -1 0
levels/019.txt 2910.000000 2840.000000 36 38 -1 0
levels/017.txt 2980.000000 2860.000000 37 39 -1 0
levels/020.txt 2990.000000 2880.000000 38 40 -1 0
levels/021.txt 2900.000000 2900.000000 39 41 -1 0
levels/022.txt 2950.000000 2920.000000 40 42 -1 0
levels/023.txt 2910.000000 2940.000000 41 43 -1 0
levels/026.txt 2920.000000 2960.000000 42 44 -1 0
levels/024.txt 2930.000000 2980.000000 43 45 -1 0
levels/025.txt 2940.000000 21000.000000 44 46 -1 0
levels/027.txt 2950.000000 21020.000000 45 47 -1 0
levels/028.txt 2960.000000 21040.000000 46 48 -1 0
levels/029.txt 2970.000000 21060.000000 47 49 -1 0
levels/030.txt 2980.000000 21080.000000 48 -1 -1 0
