15
280 400 0.500000 0.000000 0.600000 1.000000
280 400 0.000000 0.000000 0.100000 1.000000
280 200 0.600000 0.500000 0.700000 1.000000
280 400 0.200000 0.000000 0.300000 1.000000
280 400 0.300000 0.000000 0.400000 1.000000
280 400 0.400000 0.000000 0.500000 1.000000
280 400 0.100000 0.000000 0.200000 1.000000
280 200 0.700000 0.500000 0.800000 1.000000
280 40 0.700000 0.400000 0.800000 0.500000
40 200 0.935714 0.500000 0.950000 1.000000
280 100 0.600000 0.250000 0.700000 0.500000
40 40 0.985714 0.900000 1.000000 1.000000
100 200 0.900000 0.500000 0.935714 1.000000
100 100 0.950000 0.750000 0.985714 1.000000
280 200 0.800000 0.500000 0.900000 1.000000
