STATIC
1
11 0.000000 0.000000
MOVING
6
12 0.000000 0.000000
12 0.000000 0.000000
12 0.000000 0.000000
12 0.000000 0.000000
12 0.000000 0.000000
12 0.000000 0.000000
PUSHING_SIDE
6
13 0.000000 0.000000
13 0.000000 0.000000
14 -0.100000 0.000000
14 -0.100000 0.000000
14 -0.100000 0.000000
14 -0.100000 0.000000
PUSHING_UP
6
20 0.000000 0.000000
20 0.000000 0.000000
20 0.000000 0.000000
20 0.000000 0.000000
20 0.000000 0.000000
20 0.000000 0.000000
PUSHING_DOWN
6
21 0.000000 0.000000
21 0.000000 0.000000
21 0.000000 0.000000
21 0.000000 0.000000
21 0.000000 0.000000
21 0.000000 0.000000
SLIPPING
6
18 0.000000 0.000000
18 0.000000 0.000000
17 0.000000 0.000000
17 0.000000 0.000000
17 0.000000 0.000000
17 0.000000 0.000000
STOPPING_HARD
6
15 -0.100000 0.000000
15 -0.100000 0.000000
15 -0.100000 0.000000
16 0.000000 0.000000
16 0.000000 0.000000
16 0.000000 0.000000
JUMPING
12
19 0.000000 0.000000
19 0.000000 0.000000
19 0.000000 0.000000
19 0.000000 0.100000
19 0.000000 0.200000
19 0.000000 0.300000
19 0.000000 0.300000
19 0.000000 0.200000
19 0.000000 0.100000
19 0.000000 0.000000
19 0.000000 0.000000
19 0.000000 0.000000
CUBE_DOWN
1
0 0.000000 0.000000
CUBE_WAIT
6
0 0.000000 0.000000
0 0.000000 0.000000
0 0.000000 0.000000
0 0.000000 0.000000
0 0.000000 0.000000
0 0.000000 0.000000
CUBE_SLIDE
6
30 0.000000 0.000000
30 0.000000 0.000000
30 0.000000 0.000000
31 0.000000 0.000000
31 0.000000 0.000000
31 0.000000 0.000000
CUBE_JUMP
6
28 0.000000 0.000000
29 0.000000 0.000000
29 0.000000 0.000000
29 0.000000 0.000000
29 0.000000 0.000000
28 0.000000 0.000000
CUBE_MELT
16
28 0.000000 0.000000
28 0.000000 0.000000
28 0.000000 0.000000
28 0.000000 0.000000
32 0.000000 0.000000
32 0.000000 0.000000
32 0.000000 0.000000
32 0.000000 0.000000
32 0.000000 0.000000
32 0.000000 0.000000
33 0.000000 0.000000
33 0.000000 0.000000
33 0.000000 0.000000
33 0.000000 0.000000
33 0.000000 0.000000
33 0.000000 0.000000
WALL_REGULAR
1
0 0.000000 0.000000
WALL_WAIT
6
0 0.000000 0.000000
0 0.000000 0.000000
0 0.000000 0.000000
0 0.000000 0.000000
0 0.000000 0.000000
0 0.000000 0.000000
WALL_BOUNCE
6
33 0.000000 0.000000
33 0.000000 0.000000
33 0.000000 0.000000
34 0.000000 0.000000
34 0.000000 0.000000
34 0.000000 0.000000
FURN_REGULAR
1
0 0.000000 0.000000
FURN_WAIT
6
0 0.000000 0.000000
0 0.000000 0.000000
0 0.000000 0.000000
0 0.000000 0.000000
0 0.000000 0.000000
0 0.000000 0.000000
FURN_BOUNCE
6
31 0.000000 0.000000
31 0.000000 0.000000
32 0.000000 0.000000
32 0.000000 0.000000
32 0.000000 0.000000
31 0.000000 0.000000

